100004740186190
100009142715781
100022170720456
100003402187228
100024621930671
100024546884974
100022010752973
100007030718141
100012660438981
100002147370022
100011373589606
100008078557134
100021971408389
100015097786774
100006780093380
100002329533465
100015250506620
100023456538898
100013180410937
100024547113270
100022334798930
100005794291093
100024296105846
100004233786636
100012094545772
100005580966258
100009725010906
100007729268416
100006175338257
100024268428750
100022232289333
100023310439644
100011409624821
100004280773230
100009921361475
100022822698021
100021904714390
100008798834862
100004289437063
100024654935826
100009462912559
100014447526026
100024201400137
100008612654556
100000331940550
100023481550295
100017885344900
100009060496448
100006438846597
100006891403569
100006666063834
100009842680119
100007358116611
100009076177619
100023951053302
100025020270310
100025161680509
100024211111189
100023420751042
100014060925151
100024515769232
100012959912114
100003732231944
100017725747504
100021678621241
100015262413159
100017666322539
100012154128539
100015791558020
100000683214465
100004808801119
100009216783059
100009406725489
100003895256278
100020469246313
100021456165652
100017939583574
100007355285467
100009790336210
100010801484749
100016687178282
100008609290952
100011894057019
100010962337391
100004506844787
100005180267894
100016470123272
100010656542689
100011343297517
100013434975614
100014537790627
100015980311804
100013657422635
100012222455268
100005122635532
100012396851334
100012613966624
100012209829716
100012611070333
100012768793405
100011016162034
100012234305046
100010841312900
100010111959753
100003281765233
100004950518251
100000350208758
100004414366149
100009728375525
100009099628475
100008134021993
100006367862215
100000617762746
100000849005924
100008391391971
100001857977929
100009988291564
100010106472075
100008972501416
100009508825676
100007413516826
100009254823122
100008958156744
100008842382680
100009448526486
100006655351892
100008457259442
100007581319196
100004014197739
100000916260371
100008453530376
100005400495365
100001900162846
100000373456403
100009320383276
100004339476921
100004869975484
100002518792813
100003767041421
100009498836146
100009205721696
100003667290746
100000355002652
100009820085180
100007793538659
100005196498323
100008876896584
100009833018326
100009303875349
100008708195698
100008613572578
100010194331723
100004256869130
100000244838314
100009654697390
100009119475672
100004449752836
100000362093830
100009642306943
100007514867802
100004179966529
100009042378241
100000824446463
100007227435982
100002669692929
100006229395031
100000739945718
1699395975
100003249139689
100002343303775
100004113793575
100008643821026
100009749947038
100010062065439
100004308965770
100002599082488
100006572700380
100008366913584
100009612738348
100008946130926
100005310841205
100009933247011
100002564038168
100005448615384
100003972590563
100007023995251
100009300049737
100010199820119
100009200970885
100006852784186
100004202227339
100008880871900
100009360987336
100005402268714
100008240940576
1405735890
100009427074356
100006206956456
100003717590432
100007485435289
100003112350028
100009401967727
100007122917944
100009640146830
100009492557910
100005439946403
100009663398097
100007134062313
100004378725795
100007023524120
100007195939482
100009599448607
100007397942906
100009601415140
100002951891355
100006811050863
100009176386860